1025
1026
1029
1030
1033
1034
1037
1038
1041
1042
1045
1046
1049
1050
1053
1054
1057
1058
1061
1062
1065
1066
1069
1070
1073
1074
1077
1078
1081
1082
1085
1086
1089
1090
1093
1094
1097
1098
1101
1102
1105
1106
1109
1110
1113
1114
1117
1118
1121
1122
1125
1126
1129
1130
1133
1134
1137
1138
1141
1142
1145
1146
1149
1150
1153
1154
1157
1158
1161
1162
1165
1166
1169
1170
1173
1174
1177
1178
1181
1182
1185
1186
1189
1190
1193
1194
1197
1198
1201
1202
1205
1206
1209
1210
1213
1214
1217
1218
1221
1222
1225
1226
1229
1230
1233
1234
1237
1238
1241
1242
1245
1246
1249
1250
1253
1254
1257
1258
1261
1262
1265
1266
1269
1270
1273
1274
1277
1278
1281
1282
1285
1286
1289
1290
1293
1294
1297
1298
1301
1302
1305
1306
1309
1310
1313
1314
1317
1318
1321
1322
1325
1326
1329
1330
1333
1334
1337
1338
1341
1342
1345
1346
1349
1350
1353
1354
1357
1358
1361
1362
1365
1366
1369
1370
1373
1374
1377
1378
1381
1382
1385
1386
1389
1390
1393
1394
1397
1398
1401
1402
1405
1406
1409
1410
1413
1414
1417
1418
1421
1422
1425
1426
1429
1430
1433
1434
1437
1438
1441
1442
1445
1446
1449
1450
1453
1454
1457
1458
1461
1462
1465
1466
1469
1470
1473
1474
1477
1478
1481
1482
1485
1486
1489
1490
1493
1494
1497
1498
1501
1502
1505
1506
1509
1510
1513
1514
1517
1518
1521
1522
1525
1526
1529
1530
1533
1534
1537
1538
1541
1542
1545
1546
1549
1550
1553
1554
1557
1558
1561
1562
1565
1566
1569
1570
1573
1574
1577
1578
1581
1582
1585
1586
1589
1590
1593
1594
1597
1598
1601
1602
1605
1606
1609
1610
1613
1614
1617
1618
1621
1622
1625
1626
1629
1630
1633
1634
1637
1638
1641
1642
1645
1646
1649
1650
1653
1654
1657
1658
1661
1662
1665
1666
1669
1670
1673
1674
1677
1678
1681
1682
1685
1686
1689
1690
1693
1694
1697
1698
1701
1702
1705
1706
1709
1710
1713
1714
1717
1718
1721
1722
1725
1726
1729
1730
1733
1734
1737
1738
1741
1742
1745
1746
1749
1750
1753
1754
1757
1758
1761
1762
1765
1766
1769
1770
1773
1774
1777
1778
1781
1782
1785
1786
1789
1790
1793
1794
1797
1798
1801
1802
1805
1806
1809
1810
1813
1814
1817
1818
1821
1822
1825
1826
1829
1830
1833
1834
1837
1838
1841
1842
1845
1846
1849
1850
1853
1854
1857
1858
1861
1862
1865
1866
1869
1870
1873
1874
1877
1878
1881
1882
1885
1886
1889
1890
1893
1894
1897
1898
1901
1902
1905
1906
1909
1910
1913
1914
1917
1918
1921
1922
1925
1926
1929
1930
1933
1934
1937
1938
1941
1942
1945
1946
1949
1950
1953
1954
1957
1958
1961
1962
1965
1966
1969
1970
1973
1974
1977
1978
1981
1982
1985
1986
1989
1990
1993
1994
1997
1998
2001
2002
2005
2006
2009
2010
2013
2014
2017
2018
2021
2022
2025
2026
2029
2030
2033
2034
2037
2038
2041
2042
2045
2046
